0.000000,10.000000, 10.000000
0.010000,10.120723,10.120000
0.020000,10.242903,10.241440
0.030000,10.366558,10.364337
0.040000,10.491707,10.488709
0.050000,10.618365,10.614574
0.060000,10.746553,10.741949
0.070000,10.876289,10.870852
0.080000,11.007591,11.001302
0.090000,11.140477,11.133318
0.100000,11.274969,11.266918
0.110000,11.411083,11.402121
0.120000,11.548841,11.538946
0.130000,11.688262,11.677414
0.140000,11.829366,11.817543
0.150000,11.972174,11.959353
0.160000,12.116705,12.102865
0.170000,12.262982,12.248100
0.180000,12.411024,12.395077
0.190000,12.560853,12.543818
0.200000,12.712492,12.694344
0.210000,12.865960,12.846676
0.220000,13.021282,13.000836
0.230000,13.178479,13.156846
0.240000,13.337573,13.314728
0.250000,13.498588,13.474505
0.260000,13.661547,13.636199
0.270000,13.826473,13.799833
0.280000,13.993390,13.965431
0.290000,14.162322,14.133016
0.300000,14.333294,14.302613
0.310000,14.506330,14.474244
0.320000,14.681454,14.647935
0.330000,14.858693,14.823710
0.340000,15.038072,15.001595
0.350000,15.219616,15.181614
0.360000,15.403351,15.363793
0.370000,15.589305,15.548159
0.380000,15.777503,15.734737
0.390000,15.967974,15.923553
0.400000,16.160744,16.114636
0.410000,16.355841,16.308012
0.420000,16.553294,16.503708
0.430000,16.753130,16.701752
0.440000,16.955378,16.902173
0.450000,17.160069,17.104999
0.460000,17.367230,17.310259
0.470000,17.576892,17.517982
0.480000,17.789085,17.728198
0.490000,18.003840,17.940937
0.500000,18.221188,18.156228
0.510000,18.441159,18.374103
0.520000,18.663786,18.594592
0.530000,18.889101,18.817727
0.540000,19.117136,19.043540
0.550000,19.347923,19.272062
0.560000,19.581497,19.503327
0.570000,19.817891,19.737367
0.580000,20.057138,19.974215
0.590000,20.299273,20.213906
0.600000,20.544332,20.456473
0.610000,20.792349,20.701950
0.620000,21.043360,20.950374
0.630000,21.297402,21.201778
0.640000,21.554510,21.456200
0.650000,21.814723,21.713674
0.660000,22.078076,21.974238
0.670000,22.344609,22.237929
0.680000,22.614360,22.504784
0.690000,22.887367,22.774841
0.700000,23.163670,23.048140
0.710000,23.443308,23.324717
0.720000,23.726323,23.604614
0.730000,24.012754,23.887869
0.740000,24.302643,24.174524
0.750000,24.596031,24.464618
0.760000,24.892962,24.758193
0.770000,25.193477,25.055292
0.780000,25.497619,25.355955
0.790000,25.805434,25.660227
0.800000,26.116965,25.968149
0.810000,26.432256,26.279767
0.820000,26.751354,26.595124
0.830000,27.074304,26.914266
0.840000,27.401153,27.237237
0.850000,27.731948,27.564084
0.860000,28.066736,27.894853
0.870000,28.405565,28.229591
0.880000,28.748486,28.568346
0.890000,29.095546,28.911166
0.900000,29.446796,29.258100
0.910000,29.802286,29.609198
0.920000,30.162068,29.964508
0.930000,30.526193,30.324082
0.940000,30.894714,30.687971
0.950000,31.267684,31.056227
0.960000,31.645156,31.428901
0.970000,32.027186,31.806048
0.980000,32.413827,32.187721
0.990000,32.805136,32.573973
1.000000,33.201169,32.964861
1.010000,33.601983,33.360439
1.020000,34.007636,33.760765
1.030000,34.418186,34.165894
1.040000,34.833692,34.575885
1.050000,35.254215,34.990795
1.060000,35.679814,35.410685
1.070000,36.110551,35.835613
1.080000,36.546488,36.265640
1.090000,36.987688,36.700828
1.100000,37.434214,37.141238
1.110000,37.886130,37.586933
1.120000,38.343503,38.037976
1.130000,38.806397,38.494432
1.140000,39.274879,38.956365
1.150000,39.749016,39.423841
1.160000,40.228878,39.896927
1.170000,40.714533,40.375691
1.180000,41.206050,40.860199
1.190000,41.703501,41.350521
1.200000,42.206958,41.846727
1.210000,42.716493,42.348888
1.220000,43.232179,42.857075
1.230000,43.754090,43.371360
1.240000,44.282302,43.891816
1.250000,44.816891,44.418518
1.260000,45.357933,44.951540
1.270000,45.905507,45.490959
1.280000,46.459692,46.036850
1.290000,47.020567,46.589292
1.300000,47.588212,47.148364
1.310000,48.162711,47.714144
1.320000,48.744145,48.286714
1.330000,49.332599,48.866154
1.340000,49.928156,49.452548
1.350000,50.530903,50.045979
1.360000,51.140927,50.646531
1.370000,51.758315,51.254289
1.380000,52.383156,51.869340
1.390000,53.015541,52.491773
1.400000,53.655560,53.121674
1.410000,54.303305,53.759134
1.420000,54.958870,54.404243
1.430000,55.622350,55.057094
1.440000,56.293839,55.717780
1.450000,56.973434,56.386393
1.460000,57.661234,57.063030
1.470000,58.357337,57.747786
1.480000,59.061844,58.440759
1.490000,59.774855,59.142048
1.500000,60.496475,59.851753
1.510000,61.226806,60.569974
1.520000,61.965953,61.296814
1.530000,62.714024,62.032376
1.540000,63.471126,62.776764
1.550000,64.237368,63.530085
1.560000,65.012860,64.292446
1.570000,65.797714,65.063956
1.580000,66.592043,65.844723
1.590000,67.395961,66.634860
1.600000,68.209585,67.434478
1.610000,69.033031,68.243692
1.620000,69.866417,69.062616
1.630000,70.709865,69.891368
1.640000,71.563495,70.730064
1.650000,72.427430,71.578825
1.660000,73.301795,72.437771
1.670000,74.186715,73.307024
1.680000,75.082319,74.186708
1.690000,75.988734,75.076949
1.700000,76.906092,75.977872
1.710000,77.834525,76.889606
1.720000,78.774165,77.812282
1.730000,79.725150,78.746029
1.740000,80.687615,79.690981
1.750000,81.661699,80.647273
1.760000,82.647543,81.615041
1.770000,83.645288,82.594421
1.780000,84.655078,83.585554
1.790000,85.677058,84.588581
1.800000,86.711377,85.603644
1.810000,87.758181,86.630887
1.820000,88.817623,87.670458
1.830000,89.889855,88.722504
1.840000,90.975032,89.787174
1.850000,92.073309,90.864620
1.860000,93.184844,91.954995
1.870000,94.309799,93.058455
1.880000,95.448334,94.175157
1.890000,96.600614,95.305258
1.900000,97.766804,96.448922
1.910000,98.947073,97.606309
1.920000,100.141591,98.777584
1.930000,101.350529,99.962915
1.940000,102.574062,101.162470
1.950000,103.812366,102.376420
1.960000,105.065618,103.604937
1.970000,106.334001,104.848196
1.980000,107.617696,106.106375
1.990000,108.916888,107.379651
2.000000,110.231764,108.668207
2.010000,111.562514,109.972225
2.020000,112.909328,111.291892
2.030000,114.272402,112.627395
2.040000,115.651932,113.978923
2.050000,117.048115,115.346671
2.060000,118.461154,116.730831
2.070000,119.891251,118.131601
2.080000,121.338613,119.549180
2.090000,122.803448,120.983770
2.100000,124.285967,122.435575
2.110000,125.786383,123.904802
2.120000,127.304912,125.391660
2.130000,128.841774,126.896360
2.140000,130.397189,128.419116
2.150000,131.971382,129.960145
2.160000,133.564578,131.519667
2.170000,135.177008,133.097903
2.180000,136.808904,134.695078
2.190000,138.460501,136.311419
2.200000,140.132036,137.947156
2.210000,141.823750,139.602522
2.220000,143.535888,141.277752
2.230000,145.268694,142.973085
2.240000,147.022420,144.688762
2.250000,148.797317,146.425027
2.260000,150.593641,148.182128
2.270000,152.411651,149.960313
2.280000,154.251609,151.759837
2.290000,156.113779,153.580955
2.300000,157.998429,155.423926
2.310000,159.905832,157.289013
2.320000,161.836262,159.176482
2.330000,163.789996,161.086599
2.340000,165.767316,163.019639
2.350000,167.768507,164.975874
2.360000,169.793857,166.955585
2.370000,171.843657,168.959052
2.380000,173.918203,170.986560
2.390000,176.017794,173.038399
2.400000,178.142732,175.114860
2.410000,180.293322,177.216238
2.420000,182.469875,179.342833
2.430000,184.672704,181.494947
2.440000,186.902127,183.672886
2.450000,189.158463,185.876961
2.460000,191.442039,188.107485
2.470000,193.753182,190.364774
2.480000,196.092227,192.649152
2.490000,198.459509,194.960941
2.500000,200.855369,197.300473
2.510000,203.280153,199.668078
2.520000,205.734210,202.064095
2.530000,208.217893,204.488865
2.540000,210.731559,206.942731
2.550000,213.275572,209.426044
2.560000,215.850296,211.939156
2.570000,218.456103,214.482426
2.580000,221.093368,217.056215
2.590000,223.762471,219.660890
2.600000,226.463796,222.296820
2.610000,229.197733,224.964382
2.620000,231.964674,227.663955
2.630000,234.765019,230.395922
2.640000,237.599170,233.160673
2.650000,240.467536,235.958602
2.660000,243.370529,238.790105
2.670000,246.308568,241.655586
2.680000,249.282077,244.555453
2.690000,252.291482,247.490118
2.700000,255.337217,250.460000
2.710000,258.419722,253.465520
2.720000,261.539440,256.507106
2.730000,264.696819,259.585191
2.740000,267.892316,262.700214
2.750000,271.126389,265.852616
2.760000,274.399505,269.042848
2.770000,277.712135,272.271362
2.780000,281.064757,275.538618
2.790000,284.457851,278.845082
2.800000,287.891909,282.191223
2.810000,291.367423,285.577517
2.820000,294.884895,289.004447
2.830000,298.444830,292.472501
2.840000,302.047743,295.982171
2.850000,305.694150,299.533957
2.860000,309.384578,303.128364
2.870000,313.119558,306.765905
2.880000,316.899628,310.447096
2.890000,320.725332,314.172461
2.900000,324.597221,317.942530
2.910000,328.515852,321.757841
2.920000,332.481790,325.618935
2.930000,336.495607,329.526362
2.940000,340.557879,333.480678
2.950000,344.669192,337.482446
2.960000,348.830138,341.532236
2.970000,353.041316,345.630623
2.980000,357.303333,349.778190
2.990000,361.616802,353.975528
3.000000,365.982344,358.223235
3.010000,370.400589,362.521913
3.020000,374.872172,366.872176
3.030000,379.397737,371.274643
3.040000,383.977936,375.729938
3.050000,388.613429,380.238698
3.060000,393.304882,384.801562
3.070000,398.052972,389.419181
3.080000,402.858383,394.092211
3.090000,407.721806,398.821317
3.100000,412.643941,403.607173
3.110000,417.625498,408.450459
3.120000,422.667194,413.351865
3.130000,427.769754,418.312087
3.140000,432.933914,423.331832
3.150000,438.160417,428.411814
3.160000,443.450016,433.552756
3.170000,448.803473,438.755389
3.180000,454.221558,444.020454
3.190000,459.705052,449.348699
3.200000,465.254744,454.740883
3.210000,470.871434,460.197774
3.220000,476.555930,465.720147
3.230000,482.309051,471.308789
3.240000,488.131625,476.964495
3.250000,494.024491,482.688069
3.260000,499.988497,488.480325
3.270000,506.024503,494.342089
3.280000,512.133377,500.274194
3.290000,518.315999,506.277485
3.300000,524.573259,512.352814
3.310000,530.906059,518.501048
3.320000,537.315311,524.723061
3.330000,543.801936,531.019738
3.340000,550.366870,537.391974
3.350000,557.011058,543.840678
3.360000,563.735457,550.366766
3.370000,570.541034,556.971167
3.380000,577.428770,563.654821
3.390000,584.399657,570.418679
3.400000,591.454698,577.263703
3.410000,598.594910,584.190868
3.420000,605.821321,591.201158
3.430000,613.134971,598.295572
3.440000,620.536914,605.475119
3.450000,628.028214,612.740821
3.460000,635.609953,620.093710
3.470000,643.283219,627.534835
3.480000,651.049120,635.065253
3.490000,658.908773,642.686036
3.500000,666.863310,650.398268
3.510000,674.913877,658.203048
3.520000,683.061632,666.101484
3.530000,691.307750,674.094702
3.540000,699.653416,682.183838
3.550000,708.099835,690.370044
3.560000,716.648220,698.654485
3.570000,725.299805,707.038339
3.580000,734.055833,715.522799
3.590000,742.917567,724.109072
3.600000,751.886283,732.798381
3.610000,760.963271,741.591962
3.620000,770.149840,750.491065
3.630000,779.447311,759.496958
3.640000,788.857024,768.610922
3.650000,798.380334,777.834253
3.660000,808.018612,787.168264
3.670000,817.773246,796.614283
3.680000,827.645641,806.173654
3.690000,837.637218,815.847738
3.700000,847.749417,825.637911
3.710000,857.983693,835.545566
3.720000,868.341520,845.572113
3.730000,878.824389,855.718978
3.740000,889.433811,865.987606
3.750000,900.171313,876.379457
3.760000,911.038441,886.896011
3.770000,922.036760,897.538763
3.780000,933.167854,908.309228
3.790000,944.433326,919.208939
3.800000,955.834798,930.239446
3.810000,967.373912,941.402319
3.820000,979.052329,952.699147
3.830000,990.871732,964.131537
3.840000,1002.833822,975.701115
3.850000,1014.940321,987.409529
3.860000,1027.192974,999.258443
3.870000,1039.593544,1011.249544
3.880000,1052.143818,1023.384539
3.890000,1064.845602,1035.665153
3.900000,1077.700726,1048.093135
3.910000,1090.711040,1060.670253
3.920000,1103.878419,1073.398296
3.930000,1117.204758,1086.279075
3.940000,1130.691977,1099.314424
3.950000,1144.342017,1112.506197
3.960000,1158.156844,1125.856272
3.970000,1172.138448,1139.366547
3.980000,1186.288842,1153.038946
3.990000,1200.610064,1166.875413
4.000000,1215.104175,1180.877918
4.010000,1229.773264,1195.048453
4.020000,1244.619442,1209.389034
4.030000,1259.644847,1223.901703
4.040000,1274.851644,1238.588523
4.050000,1290.242021,1253.451586
4.060000,1305.818195,1268.493005
4.070000,1321.582410,1283.714921
4.080000,1337.536935,1299.119500
4.090000,1353.684067,1314.708934
4.100000,1370.026132,1330.485441
4.110000,1386.565483,1346.451266
4.120000,1403.304502,1362.608681
4.130000,1420.245599,1378.959986
4.140000,1437.391215,1395.507505
4.150000,1454.743817,1412.253595
4.160000,1472.305904,1429.200639
4.170000,1490.080006,1446.351046
4.180000,1508.068683,1463.707259
4.190000,1526.274523,1481.271746
4.200000,1544.700150,1499.047007
4.210000,1563.348217,1517.035571
4.220000,1582.221408,1535.239998
4.230000,1601.322442,1553.662878
4.240000,1620.654069,1572.306832
4.250000,1640.219073,1591.174514
4.260000,1660.020271,1610.268608
4.270000,1680.060516,1629.591832
4.280000,1700.342692,1649.146934
4.290000,1720.869720,1668.936697
4.300000,1741.644556,1688.963937
4.310000,1762.670192,1709.231505
4.320000,1783.949656,1729.742283
4.330000,1805.486012,1750.499190
4.340000,1827.282360,1771.505180
4.350000,1849.341841,1792.763242
4.360000,1871.667630,1814.276401
4.370000,1894.262942,1836.047718
4.380000,1917.131031,1858.080291
4.390000,1940.275191,1880.377254
4.400000,1963.698754,1902.941781
4.410000,1987.405092,1925.777083
4.420000,2011.397620,1948.886408
4.430000,2035.679794,1972.273045
4.440000,2060.255108,1995.940321
4.450000,2085.127103,2019.891605
4.460000,2110.299360,2044.130304
4.470000,2135.775503,2068.659868
4.480000,2161.559202,2093.483786
4.490000,2187.654169,2118.605592
4.500000,2214.064162,2144.028859
4.510000,2240.792984,2169.757205
4.520000,2267.844484,2195.794292
4.530000,2295.222558,2222.143823
4.540000,2322.931148,2248.809549
4.550000,2350.974244,2275.795264
4.560000,2379.355884,2303.104807
4.570000,2408.080155,2330.742064
4.580000,2437.151195,2358.710969
4.590000,2466.573188,2387.015501
4.600000,2496.350372,2415.659687
4.610000,2526.487035,2444.647603
4.620000,2556.987516,2473.983374
4.630000,2587.856208,2503.671175
4.640000,2619.097556,2533.715229
4.650000,2650.716058,2564.119812
4.660000,2682.716268,2594.889249
4.670000,2715.102794,2626.027920
4.680000,2747.880299,2657.540255
4.690000,2781.053504,2689.430738
4.700000,2814.627185,2721.703907
4.710000,2848.606177,2754.364354
4.720000,2882.995374,2787.416726
4.730000,2917.799727,2820.865727
4.740000,2953.024248,2854.716116
4.750000,2988.674010,2888.972709
4.760000,3024.754146,2923.640382
4.770000,3061.269851,2958.724066
4.780000,3098.226385,2994.228755
4.790000,3135.629069,3030.159500
4.800000,3173.483289,3066.521414
4.810000,3211.794496,3103.319671
4.820000,3250.568207,3140.559507
4.830000,3289.810005,3178.246221
4.840000,3329.525542,3216.385176
4.850000,3369.720536,3254.981798
4.860000,3410.400776,3294.041580
4.870000,3451.572119,3333.570079
4.880000,3493.240495,3373.572920
4.890000,3535.411903,3414.055795
4.900000,3578.092417,3455.024464
4.910000,3621.288182,3496.484758
4.920000,3665.005419,3538.442575
4.930000,3709.250423,3580.903886
4.940000,3754.029566,3623.874732
4.950000,3799.349295,3667.361229
4.960000,3845.216138,3711.369564
4.970000,3891.636698,3755.905999
4.980000,3938.617660,3800.976871
4.990000,3986.165790,3846.588593
5.000000,4034.287935,3892.747656
5.010000,4082.991024,3939.460628
5.020000,4132.282071,3986.734156
5.030000,4182.168174,4034.574965
5.040000,4232.656516,4082.989865
5.050000,4283.754369,4131.985743
5.060000,4335.469089,4181.569572
5.070000,4387.808124,4231.748407
5.080000,4440.779011,4282.529388
5.090000,4494.389378,4333.919741
5.100000,4548.646945,4385.926778
5.110000,4603.559525,4438.557899
5.120000,4659.135025,4491.820594
5.130000,4715.381449,4545.722441
5.140000,4772.306896,4600.271110
5.150000,4829.919564,4655.474364
5.160000,4888.227748,4711.340056
5.170000,4947.239845,4767.876137
5.180000,5006.964354,4825.090650
5.190000,5067.409874,4882.991738
5.200000,5128.585109,4941.587639
5.210000,5190.498870,5000.886691
5.220000,5253.160072,5060.897331
5.230000,5316.577738,5121.628099
5.240000,5380.761000,5183.087636
5.250000,5445.719101,5245.284688
5.260000,5511.461395,5308.228104
5.270000,5577.997349,5371.926841
5.280000,5645.336545,5436.389963
5.290000,5713.488678,5501.626643
5.300000,5782.463564,5567.646162
5.310000,5852.271134,5634.457916
5.320000,5922.921442,5702.071411
5.330000,5994.424661,5770.496268
5.340000,6066.791087,5839.742224
5.350000,6140.031141,5909.819130
5.360000,6214.155371,5980.736960
5.370000,6289.174450,6052.505803
5.380000,6365.099180,6125.135873
5.390000,6441.940496,6198.637503
5.400000,6519.709463,6273.021154
5.410000,6598.417279,6348.297407
5.420000,6678.075278,6424.476976
5.430000,6758.694932,6501.570700
5.440000,6840.287850,6579.589548
5.450000,6922.865780,6658.544623
5.460000,7006.440616,6738.447158
5.470000,7091.024391,6819.308524
5.480000,7176.629286,6901.140227
5.490000,7263.267628,6983.953909
5.500000,7350.951892,7067.761356
5.510000,7439.694707,7152.574492
5.520000,7529.508851,7238.405386
5.530000,7620.407257,7325.266251
5.540000,7712.403014,7413.169446
5.550000,7805.509371,7502.127479
5.560000,7899.739735,7592.153009
5.570000,7995.107675,7683.258845
5.580000,8091.626925,7775.457951
5.590000,8189.311382,7868.763447
5.600000,8288.175115,7963.188608
5.610000,8388.232359,8058.746871
5.620000,8489.497523,8155.451834
5.630000,8591.985190,8253.317256
5.640000,8695.710117,8352.357063
5.650000,8800.687241,8452.585348
5.660000,8906.931680,8554.016372
5.670000,9014.458732,8656.664568
5.680000,9123.283882,8760.544543
5.690000,9233.422800,8865.671078
5.700000,9344.891347,8972.059131
5.710000,9457.705575,9079.723840
5.720000,9571.881729,9188.680526
5.730000,9687.436250,9298.944693
5.740000,9804.385779,9410.532029
5.750000,9922.747156,9523.458413
5.760000,10042.537426,9637.739914
5.770000,10163.773839,9753.392793
5.780000,10286.473853,9870.433507
5.790000,10410.655136,9988.878709
5.800000,10536.335572,10108.745253
5.810000,10663.533259,10230.050196
5.820000,10792.266513,10352.810799
5.830000,10922.553872,10477.044528
5.840000,11054.414097,10602.769063
5.850000,11187.866177,10730.002291
5.860000,11322.929330,10858.762319
5.870000,11459.623003,10989.067467
5.880000,11597.966883,11120.936276
5.890000,11737.980889,11254.387512
5.900000,11879.685185,11389.440162
5.910000,12023.100176,11526.113444
5.920000,12168.246515,11664.426805
5.930000,12315.145102,11804.399927
5.940000,12463.817091,11946.052726
5.950000,12614.283891,12089.405359
5.960000,12766.567170,12234.478223
5.970000,12920.688857,12381.291962
5.980000,13076.671145,12529.867465
5.990000,13234.536496,12680.225875
6.000000,13394.307644,12832.388585
6.010000,13556.007595,12986.377248
6.020000,13719.659635,13142.213775
6.030000,13885.287329,13299.920340
6.040000,14052.914528,13459.519385
6.050000,14222.565372,13621.033617
6.060000,14394.264290,13784.486021
6.070000,14568.036006,13949.899853
6.080000,14743.905545,14117.298651
6.090000,14921.898232,14286.706235
6.100000,15102.039698,14458.146710
6.110000,15284.355883,14631.644470
6.120000,15468.873043,14807.224204
6.130000,15655.617746,14984.910894
6.140000,15844.616886,15164.729825
6.150000,16035.897678,15346.706583
6.160000,16229.487667,15530.867062
6.170000,16425.414731,15717.237467
6.180000,16623.707082,15905.844316
6.190000,16824.393276,16096.714448
6.200000,17027.502212,16289.875021
6.210000,17233.063137,16485.353522
6.220000,17441.105653,16683.177764
6.230000,17651.659719,16883.375897
6.240000,17864.755654,17085.976408
6.250000,18080.424145,17291.008125
6.260000,18298.696248,17498.500222
6.270000,18519.603395,17708.482225
6.280000,18743.177396,17920.984012
6.290000,18969.450448,18136.035820
6.300000,19198.455134,18353.668250
6.310000,19430.224430,18573.912269
6.320000,19664.791712,18796.799216
6.330000,19902.190758,19022.360806
6.340000,20142.455754,19250.629136
6.350000,20385.621298,19481.636686
6.360000,20631.722407,19715.416326
6.370000,20880.794520,19952.001322
6.380000,21132.873503,20191.425338
6.390000,21387.995657,20433.722442
6.400000,21646.197718,20678.927111
6.410000,21907.516870,20927.074236
6.420000,22171.990742,21178.199127
6.430000,22439.657419,21432.337517
6.440000,22710.555446,21689.525567
6.450000,22984.723831,21949.799874
6.460000,23262.202057,22213.197472
6.470000,23543.030080,22479.755842
6.480000,23827.248340,22749.512912
6.490000,24114.897764,23022.507067
6.500000,24406.019776,23298.777152
6.510000,24700.656297,23578.362478
6.520000,24998.849755,23861.302827
6.530000,25300.643091,24147.638461
6.540000,25606.079763,24437.410123
6.550000,25915.203754,24730.659044
6.560000,26228.059580,25027.426953
6.570000,26544.692292,25327.756076
6.580000,26865.147485,25631.689149
6.590000,27189.471306,25939.269419
6.600000,27517.710457,26250.540652
6.610000,27849.912207,26565.547140
6.620000,28186.124392,26884.333706
6.630000,28526.395428,27206.945710
6.640000,28870.774314,27533.429058
6.650000,29219.310641,27863.830207
6.660000,29572.054599,28198.196170
6.670000,29929.056985,28536.574524
6.680000,30290.369206,28879.013418
6.690000,30656.043293,29225.561579
6.700000,31026.131903,29576.268318
6.710000,31400.688330,29931.183538
6.720000,31779.766510,30290.357740
6.730000,32163.421032,30653.842033
6.740000,32551.707141,31021.688138
6.750000,32944.680753,31393.948395
6.760000,33342.398455,31770.675776
6.770000,33744.917521,32151.923885
6.780000,34152.295913,32537.746972
6.790000,34564.592295,32928.199936
6.800000,34981.866038,33323.338335
6.810000,35404.177230,33723.218395
6.820000,35831.586684,34127.897015
6.830000,36264.155949,34537.431780
6.840000,36701.947315,34951.880961
6.850000,37145.023825,35371.303533
6.860000,37593.449283,35795.759175
6.870000,38047.288262,36225.308285
6.880000,38506.606116,36660.011984
6.890000,38971.468989,37099.932128
6.900000,39441.943820,37545.131314
6.910000,39918.098359,37995.672890
6.920000,40400.001173,38451.620964
6.930000,40887.721658,38913.040416
6.940000,41381.330045,39379.996901
6.950000,41880.897415,39852.556864
6.960000,42386.495706,40330.787546
6.970000,42898.197726,40814.756997
6.980000,43416.077161,41304.534081
6.990000,43940.208586,41800.188489
7.000000,44470.667477,42301.790751
7.010000,45007.530221,42809.412240
7.020000,45550.874127,43323.125187
7.030000,46100.777437,43843.002690
7.040000,46657.319340,44369.118722
7.050000,47220.579976,44901.548146
7.060000,47790.640458,45440.366724
7.070000,48367.582875,45985.651125
7.080000,48951.490307,46537.478938
7.090000,49542.446839,47095.928686
7.100000,50140.537568,47661.079830
7.110000,50745.848621,48233.012788
7.120000,51358.467165,48811.808941
7.130000,51978.481416,49397.550649
7.140000,52605.980658,49990.321256
7.150000,53241.055253,50590.205111
7.160000,53883.796652,51197.287573
7.170000,54534.297410,51811.655024
7.180000,55192.651201,52433.394884
7.190000,55858.952830,53062.595623
7.200000,56533.298244,53699.346770
7.210000,57215.784551,54343.738931
7.220000,57906.510030,54995.863798
7.230000,58605.574146,55655.814164
7.240000,59313.077567,56323.683934
7.250000,60029.122173,56999.568141
7.260000,60753.811076,57683.562959
7.270000,61487.248633,58375.765714
7.280000,62229.540460,59076.274903
7.290000,62980.793448,59785.190202
7.300000,63741.115780,60502.612484
7.310000,64510.616942,61228.643834
7.320000,65289.407745,61963.387560
7.330000,66077.600335,62706.948211
7.340000,66875.308214,63459.431589
7.350000,67682.646253,64220.944768
7.360000,68499.730709,64991.596106
7.370000,69326.679246,65771.495259
7.380000,70163.610944,66560.753202
7.390000,71010.646323,67359.482240
7.400000,71867.907358,68167.796027
7.410000,72735.517496,68985.809580
7.420000,73613.601674,69813.639295
7.430000,74502.286338,70651.402966
7.440000,75401.699460,71499.219802
7.450000,76311.970556,72357.210439
7.460000,77233.230709,73225.496965
7.470000,78165.612580,74104.202928
7.480000,79109.250435,74993.453363
7.490000,80064.280158,75893.374804
7.500000,81030.839276,76804.095301
7.510000,82009.066975,77725.744445
7.520000,82999.104121,78658.453378
7.530000,84001.093281,79602.354819
7.540000,85015.178744,80557.583077
7.550000,86041.506540,81524.274074
7.560000,87080.224462,82502.565362
7.570000,88131.482086,83492.596147
7.580000,89195.430796,84494.507301
7.590000,90272.223802,85508.441388
7.600000,91362.016164,86534.542685
7.610000,92464.964815,87572.957197
7.620000,93581.228580,88623.832683
7.630000,94710.968204,89687.318676
7.640000,95854.346371,90763.566500
7.650000,97011.527729,91852.729298
7.660000,98182.678915,92954.962049
7.670000,99367.968577,94070.421594
7.680000,100567.567398,95199.266653
7.690000,101781.648122,96341.657853
7.700000,103010.385579,97497.757747
7.710000,104253.956710,98667.730840
7.720000,105512.540591,99851.743610
7.730000,106786.318460,101049.964533
7.740000,108075.473743,102262.564108
7.750000,109380.192082,103489.714877
7.760000,110700.661357,104731.591456
7.770000,112037.071718,105988.370553
7.780000,113389.615612,107260.231000
7.790000,114758.487806,108547.353772
7.800000,116143.885420,109849.922017
7.810000,117546.007955,111168.121081
7.820000,118965.057318,112502.138534
7.830000,120401.237855,113852.164197
7.840000,121854.756379,115218.390167
7.850000,123325.822197,116601.010849
7.860000,124814.647147,118000.222979
7.870000,126321.445623,119416.225655
7.880000,127846.434604,120849.220363
7.890000,129389.833693,122299.411007
7.900000,130951.865142,123767.003939
7.910000,132532.753885,125252.207986
7.920000,134132.727574,126755.234482
7.930000,135752.016608,128276.297296
7.940000,137390.854167,129815.612864
7.950000,139049.476246,131373.400218
7.960000,140728.121690,132949.881021
7.970000,142427.032226,134545.279593
7.980000,144146.452502,136159.822948
7.990000,145886.630115,137793.740823
8.000000,147647.815656,139447.265713
8.010000,149430.262737,141120.632902
8.020000,151234.228034,142814.080497
8.030000,153059.971321,144527.849463
8.040000,154907.755509,146262.183656
8.050000,156777.846681,148017.329860
8.060000,158670.514134,149793.537818
8.070000,160586.030415,151591.060272
8.080000,162524.671362,153410.152995
8.090000,164486.716143,155251.074831
8.100000,166472.447294,157114.087729
8.110000,168482.150766,158999.456782
8.120000,170516.115959,160907.450263
8.130000,172574.635767,162838.339667
8.140000,174658.006621,164792.399743
8.150000,176766.528530,166769.908539
8.160000,178900.505124,168771.147442
8.170000,181060.243701,170796.401211
8.180000,183246.055265,172845.958026
8.190000,185458.254577,174920.109522
8.200000,187697.160199,177019.150836
8.210000,189963.094536,179143.380646
8.220000,192256.383888,181293.101214
8.230000,194577.358490,183468.618429
8.240000,196926.352569,185670.241850
8.250000,199303.704382,187898.284752
8.260000,201709.756274,190153.064169
8.270000,204144.854719,192434.900939
8.280000,206609.350375,194744.119750
8.290000,209103.598135,197081.049187
8.300000,211627.957175,199446.021778
8.310000,214182.791006,201839.374039
8.320000,216768.467529,204261.446527
8.330000,219385.359086,206712.583886
8.340000,222033.842514,209193.134892
8.350000,224714.299199,211703.452511
8.360000,227427.115131,214243.893941
8.370000,230172.680961,216814.820669
8.380000,232951.392055,219416.598517
8.390000,235763.648552,222049.597699
8.400000,238609.855421,224714.192871
8.410000,241490.422522,227410.763186
8.420000,244405.764661,230139.692344
8.430000,247356.301653,232901.368652
8.440000,250342.458379,235696.185076
8.450000,253364.664852,238524.539297
8.460000,256423.356274,241386.833768
8.470000,259518.973103,244283.475773
8.480000,262651.961113,247214.877483
8.490000,265822.771459,250181.456013
8.500000,269031.860743,253183.633485
8.510000,272279.691080,256221.837086
8.520000,275566.730163,259296.499132
8.530000,278893.451332,262408.057121
8.540000,282260.333639,265556.953807
8.550000,285667.861922,268743.637252
8.560000,289116.526871,271968.560899
8.570000,292606.825099,275232.183630
8.580000,296139.259216,278534.969834
8.590000,299714.337898,281877.389472
8.600000,303332.575962,285259.918145
8.610000,306994.494442,288683.037163
8.620000,310700.620659,292147.233609
8.630000,314451.488302,295653.000412
8.640000,318247.637504,299200.836417
8.650000,322089.614914,302791.246454
8.660000,325977.973786,306424.741412
8.670000,329913.274050,310101.838309
8.680000,333896.082395,313823.060368
8.690000,337926.972353,317588.937093
8.700000,342006.524379,321400.004338
8.710000,346135.325935,325256.804390
8.720000,350313.971577,329159.886043
8.730000,354543.063035,333109.804675
8.740000,358823.209308,337107.122331
8.750000,363155.026742,341152.407799
8.760000,367539.139128,345246.236693
8.770000,371976.177786,349389.191533
8.780000,376466.781655,353581.861831
8.790000,381011.597392,357824.844173
8.800000,385611.279457,362118.742304
8.810000,390266.490212,366464.167211
8.820000,394977.900017,370861.737218
8.830000,399746.187322,375312.078064
8.840000,404572.038768,379815.823001
8.850000,409456.149287,384373.612877
8.860000,414399.222200,388986.096232
8.870000,419401.969316,393653.929386
8.880000,424465.111040,398377.776539
8.890000,429589.376474,403158.309858
8.900000,434775.503521,407996.209576
8.910000,440024.238991,412892.164091
8.920000,445336.338713,417846.870060
8.930000,450712.567636,422861.032501
8.940000,456153.699948,427935.364891
8.950000,461660.519181,433070.589269
8.960000,467233.818327,438267.436340
8.970000,472874.399950,443526.645577
8.980000,478583.076303,448848.965323
8.990000,484360.669447,454235.152907
9.000000,490208.011364,459685.974742
9.010000,496125.944081,465202.206439
9.020000,502115.319792,470784.632916
9.030000,508177.000977,476434.048511
9.040000,514311.860528,482151.257094
9.050000,520520.781875,487937.072179
9.060000,526804.659115,493792.317045
9.070000,533164.397136,499717.824849
9.080000,539600.911751,505714.438748
9.090000,546115.129830,511783.012012
9.100000,552707.989432,517924.408157
9.110000,559380.439939,524139.501055
9.120000,566133.442196,530429.175067
9.130000,572967.968647,536794.325168
9.140000,579885.003475,543235.857070
9.150000,586885.542746,549754.687355
9.160000,593970.594550,556351.743603
9.170000,601141.179145,563027.964526
9.180000,608398.329109,569784.300101
9.190000,615743.089483,576621.711702
9.200000,623176.517927,583541.172242
9.210000,630699.684866,590543.666309
9.220000,638313.673649,597630.190305
9.230000,646019.580705,604801.752589
9.240000,653818.515696,612059.373620
9.250000,661711.601684,619404.086103
9.260000,669699.975285,626836.935136
9.270000,677784.786841,634358.978358
9.280000,685967.200576,641971.286098
9.290000,694248.394774,649674.941531
9.300000,702629.561941,657471.040830
9.310000,711111.908978,665360.693320
9.320000,719696.657360,673345.021640
9.330000,728385.043303,681425.161899
9.340000,737178.317952,689602.263842
9.350000,746077.747552,697877.491008
9.360000,755084.613637,706252.020900
9.370000,764200.213211,714727.045151
9.380000,773425.858937,723303.769693
9.390000,782762.879322,731983.414929
9.400000,792212.618915,740767.215908
9.410000,801776.438494,749656.422499
9.420000,811455.715265,758652.299569
9.430000,821251.843062,767756.127164
9.440000,831166.232543,776969.200690
9.450000,841200.311398,786292.831098
9.460000,851355.524552,795728.345071
9.470000,861633.334372,805277.085212
9.480000,872035.220881,814940.410235
9.490000,882562.681969,824719.695158
9.500000,893217.233608,834616.331500
9.510000,904000.410072,844631.727478
9.520000,914913.764158,854767.308207
9.530000,925958.867406,865024.515906
9.540000,937137.310332,875404.810097
9.550000,948450.702649,885909.667818
9.560000,959900.673507,896540.583832
9.570000,971488.871720,907299.070838
9.580000,983216.966010,918186.659688
9.590000,995086.645241,929204.899604
9.600000,1007099.618670,940355.358399
9.610000,1019257.616183,951639.622700
9.620000,1031562.388555,963059.298172
9.630000,1044015.707693,974616.009750
9.640000,1056619.366897,986311.401867
9.650000,1069375.181115,998147.138690
9.660000,1082284.987208,1010124.904354
9.670000,1095350.644209,1022246.403206
9.680000,1108574.033595,1034513.360045
9.690000,1121957.059558,1046927.520365
9.700000,1135501.649277,1059490.650610
9.710000,1149209.753195,1072204.538417
9.720000,1163083.345303,1085070.992878
9.730000,1177124.423423,1098091.844793
9.740000,1191335.009494,1111268.946930
9.750000,1205717.149865,1124604.174293
9.760000,1220272.915588,1138099.424385
9.770000,1235004.402721,1151756.617477
9.780000,1249913.732621,1165577.696887
9.790000,1265003.052259,1179564.629250
9.800000,1280274.534523,1193719.404801
9.810000,1295730.378531,1208044.037658
9.820000,1311372.809953,1222540.566110
9.830000,1327204.081326,1237211.052904
9.840000,1343226.472380,1252057.585538
9.850000,1359442.290367,1267082.276565
9.860000,1375853.870394,1282287.263884
9.870000,1392463.575754,1297674.711050
9.880000,1409273.798276,1313246.807583
9.890000,1426286.958661,1329005.769274
9.900000,1443505.506832,1344953.838505
9.910000,1460931.922290,1361093.284567
9.920000,1478568.714469,1377426.403982
9.930000,1496418.423099,1393955.520830
9.940000,1514483.618567,1410682.987080
9.950000,1532766.902293,1427611.182925
9.960000,1551270.907102,1444742.517120
9.970000,1569998.297602,1462079.427325
9.980000,1588951.770570,1479624.380453
9.990000,1608134.055339,1497379.873019
